[redshift]
location-provider=manual
temp-day=6500
temp-night=3500

fade=1

dawn-time=6:00-7:45
dusk-time=18:00-20:15

[manual]
lat=51.46839
lon=-0.36092
